10000000000000000000000000000000000000000000000000000000000000000000000000000000000000000
100000000000000000000000000000000000000000000000000000000000000000000000000000000000000000000000000000000000000000
10000000000000000000000000000000000000000000000000000000000000000000000000000000000000000000000000000000000000
10000000000000000000000000000000000000000000000000000000000000000000000000000000000000000000000000000000000000000
10000000000000000000000000000000000000000000000000000000000000000000000000000000000000000000000000000000000000000
100000000000000000000000000000000000000000000000000000000000000000000000000000000000000000000000000000000000000000000
100000000000000000000000000000000000000000000000000000000000000000000000000000000000000000000000000000000000000000000000
10000000000000000000000000000000000000000000000000000000000000000000000000000000000000000000001110000000000000000000
1000000000000000000000000000000000000000000000000000000000000000000000000000000000000000000111000111000000000000000000000
1000000000000000000000000000000000000000000000000000000000000000000000000000000000000000111000000000111000000000000000000
1000000000000000000000000000000000000000000000000000000000000000000000000000000000000111000000000000000111000000000000000000000
100000000000000000000000000000000000000000000000000000000000001111110000000000000111000000000000000000000011100011000000000000
10000000000000000000000000000000000000000011110000000000011000000000011100000110000000000000000000000000000001110200000000000000000000000000000000000000000000000
1000000000000000002000000000000200002000000000022000110000000022222200002220000000000000000000000000000000000000111000000000000000000000000000000000000000000000000000000
11111111111111111111111111111111111111111111111111111111111111111111111111111111111111111111111111111111111111111111111111111111111111111111111111111111111111111111111111111111111111111111111111111111111111111111111111111111111111111111111111111111111111111